□ 職業技能配置表

(1) 上上 90-100 (2) 上級 80-90 (3) 上等 70-80 (4) 上中 60-70
(5) 中上 50-60  (6) 中等 40-50 (7) 中下 30-40 (8) 下等 20-30
(9) 下下  0-20

    (只有魔教的dodge和move上上等級為120)
    (只有專屬於本派的基本技能上上等級為120)

     陣 政 刀 醫 匕 輕 內 法 行 招 毒 咒 刺 杖 棍 劍 箭 拳 讀 鞭 暗 計
     法 治 法 術 首 功 功 術 動 架 術 術 術 法 法 術 術 法 書 法 器 謀
武者 9  9  9  6  9  6  1  9  6  6  9  9  9  9  9  9  9  1  8  9  9  9
劍士 1  9  9  6  9  3  6  9  3  1  9  9  9  9  9  1  9  9  7  9  9  9
刀客 9  9  1  6  9  5  2  9  5  2  9  9  9  9  9  9  9  9  7  9  9  9
醫者 9  9  9  1  9  3  4  9  3  4  9  9  1  9  9  9  9  9  2  9  9  9
書生 9  9  9  5  9  4  3  9  4  4  9  9  1  9  9  9  9  9  1  9  9  1
道士 9  9  9  2  9  3  6  1  3  4  9  1  9  9  9  9  9  9  7  1  9  9
和尚 3  9  3  5  9  5  3  9  5  3  9  9  9  1  1  3  9  3  7  9  9  9
舞者 9  9  9  5  9  1  5  1  1  6  9  9  9  9  9  9  9  6  8  9  9  9
魔教 9  9  9  5  9  1  5  9  1  6  1  9  9  9  9  9  9  9  8  1  9  9
殺手 9  9  9  6  2  3  4  9  3  4  9  9  9  9  9  9  9  9  8  9  1  9
官員 9  1  9  6  1  4  4  9  4  4  9  9  9  9  9  9  9  9  2  9  9  9
盜賊 3  9  3  6  9  3  4  9  3  4  9  9  9  9  9  3  9  3  8  9  9  9
射手 9  9  9  6  9  4  3  9  4  4  9  9  9  9  9  9  1  9  7  9  9  9
聖火 4  9  9  6  9  4  3  9  3  4  9  9  9  9  1  9  9  3  4  9  9  9
丐幫 4  9  9  6  9  4  3  9  3  4  9  9  9  9  1  9  9  2  7  9  9  9
     陣 政 刀 醫 匕 輕 內 法 行 招 毒 咒 刺 杖 棍 劍 箭 拳 讀 鞭 暗 計
     法 治 法 術 首 功 功 術 動 架 術 術 術 法 法 術 術 法 書 法 器 謀

(1) 上上 90-100 (2) 上級 80-90 (3) 上等 70-80 (4) 上中 60-70
(5) 中上 50-60  (6) 中等 40-50 (7) 中下 30-40 (8) 下等 20-30
(9) 下下  0-20

ＰＳ．基本上進階的技能等級能提升１０（以聖火．丐幫．和尚來講）
      如：聖火門主 dodge 70 ，那長老就增加１０為
          聖火長老 dodge 80
